50 25 70 100 1
50 25 190 100 1
50 25 310 100 1
50 25 430 100 1
50 25 550 100 1
50 25 670 100 1
50 25 790 100 1
50 25 910 100 1
50 25 1030 100 1
50 25 1150 100 1
50 25 1270 100 1
50 25 1390 100 1
50 25 1510 100 1
50 25 1630 100 1
50 25 1750 100 1
50 25 70 200 1
50 25 190 200 1
50 25 310 200 1
50 25 430 200 1
50 25 550 200 1
50 25 670 200 1
50 25 790 200 1
50 25 910 200 1
50 25 1030 200 1
50 25 1150 200 1
50 25 1270 200 1
50 25 1390 200 1
50 25 1510 200 1
50 25 1630 200 1
50 25 1750 200 1
50 25 70 300 1
50 25 190 300 1
50 25 310 300 1
50 25 430 300 1
50 25 550 300 1
50 25 670 300 1
50 25 790 300 1
50 25 910 300 1
50 25 1030 300 1
50 25 1150 300 1
50 25 1270 300 1
50 25 1390 300 1
50 25 1510 300 1
50 25 1630 300 1
50 25 1750 300 1
50 25 70 400 1
50 25 190 400 1
50 25 310 400 1
50 25 430 400 1
50 25 550 400 1
50 25 670 400 1
50 25 790 400 1
50 25 910 400 1
50 25 1030 400 1
50 25 1150 400 1
50 25 1270 400 1
50 25 1390 400 1
50 25 1510 400 1
50 25 1630 400 1
50 25 1750 400 1